N_scanPts:	101
Navg:	100
Nsamples:	10000
startFreq:	2900000000.000000
endFreq:	3000000000.000000
microwavePower:	1.000000
t_duration:	50000.000000
shotByShotNormalization:	False
randomize:	True
plotPulseSequence:	True
saveSpacing_inScanPts:	2
saveSpacing_inAverages:	1
dataFileName:	D:\Code\qdSpectro_PMT\Saved_Data\20220218\ESR_uscope_10x_10mW_35deg_s35mm_45deg_115G_0degPol_pmt_2022-02-18_14h38m13s.txt
