N_scanPts:	101
Navg:	7
Nsamples:	10000
startFreq:	2860000000.000000
endFreq:	2880000000.000000
microwavePower:	0.200000
t_duration:	3000000.000000
shotByShotNormalization:	False
randomize:	True
plotPulseSequence:	True
saveSpacing_inScanPts:	2
saveSpacing_inAverages:	1
dataFileName:	D:\Code\qdSpectro_SPD\Saved_Data\20220707\ESR_fiber_100mW_cat14_top_0G_smAnt1_spd_2022-07-07_22h12m34s.txt
