N_scanPts:	101
Navg:	1
Nsamples:	1000
startFreq:	2850000000.000000
endFreq:	2900000000.000000
microwavePower:	0.100000
t_duration:	1000000.000000
shotByShotNormalization:	False
randomize:	True
plotPulseSequence:	True
saveSpacing_inScanPts:	2
saveSpacing_inAverages:	1
dataFileName:	D:\Code\qdSpectro_SPD\Saved_Data\20220701\ESR_fiber_10mW__cat14_top_0G_spd_2022-07-01_13h46m55s.txt
