N_scanPts:	101
Navg:	100
Nsamples:	10000
startFreq:	2850000000.000000
endFreq:	2900000000.000000
microwavePower:	1.000000
t_duration:	50000.000000
shotByShotNormalization:	False
randomize:	True
plotPulseSequence:	True
saveSpacing_inScanPts:	2
saveSpacing_inAverages:	1
dataFileName:	D:\Code\qdSpectro_PMT\Saved_Data\20220309\ESR_uscope_10x_10mW_35deg_c002_45deg_15G_0degPol_pmt_test_2022-03-09_15h14m30s.txt
