N_scanPts:	101
Navg:	100
Nsamples:	10000
startFreq:	2750000000.000000
endFreq:	2870000000.000000
microwavePower:	0.400000
t_duration:	50000.000000
shotByShotNormalization:	False
randomize:	True
plotPulseSequence:	True
saveSpacing_inScanPts:	2
saveSpacing_inAverages:	1
dataFileName:	D:\Code\qdSpectro_PMT\Saved_Data\20220208ESR_uscope_10x_10mW_35deg_s35mm_0deg_25G_0degPol_pmt_2022-02-08_16h33m37s.txt
