N_scanPts:	807
Navg:	1
Nsamples:	1000
startFreq:	2800000000.000000
endFreq:	2900000000.000000
microwavePower:	0.001000
t_duration:	50000.000000
shotByShotNormalization:	False
randomize:	True
plotPulseSequence:	True
saveSpacing_inScanPts:	2
saveSpacing_inAverages:	1
dataFileName:	D:\Code\qdSpectro_PMT\Saved_Data\20220208ESR_uscope_10x_10mW_35deg_s35mm_0deg_25G_0degPol_pmt_2022-02-10_14h54m05s.txt
