N_scanPts:	71
Navg:	100
Nsamples:	10000
startFreq:	2500000000.000000
endFreq:	2900000000.000000
microwavePower:	0.400000
t_duration:	50000.000000
shotByShotNormalization:	False
randomize:	True
plotPulseSequence:	True
saveSpacing_inScanPts:	2
saveSpacing_inAverages:	1
dataFileName:	D:\Code\qdSpectro_PMT\Saved_Data\20220213ESR_uscope_10x_10mW_35deg_s35mm_0deg_115G_0degPol_pmt_2022-02-14_14h15m56s.txt
