N_scanPts:	267
Navg:	1
Nsamples:	1000
startFreq:	2500000000.000000
endFreq:	2600000000.000000
microwavePower:	0.004000
t_duration:	50000.000000
shotByShotNormalization:	False
randomize:	True
plotPulseSequence:	True
saveSpacing_inScanPts:	2
saveSpacing_inAverages:	1
dataFileName:	D:\Code\qdSpectro_PMT\Saved_Data\20220213ESR_uscope_10x_10mW_35deg_s35mm_0deg_115G_0degPol_pmt_test_2022-02-14_14h10m34s.txt
