N_scanPts:	201
Navg:	2
Nsamples:	10000
startFreq:	2810000000.000000
endFreq:	2950000000.000000
microwavePower:	0.200000
t_duration:	50000.000000
shotByShotNormalization:	False
randomize:	True
plotPulseSequence:	True
saveSpacing_inScanPts:	2
saveSpacing_inAverages:	1
dataFileName:	D:\Code\qdSpectro_PMT\Saved_Data\20220208ESR_uscope_10x_10mW_35deg_s35mm_0deg_25G_0degPol_pmt_2022-02-08_16h23m05s.txt
