N_scanPts:	101
Navg:	12
Nsamples:	10000
startFreq:	3100000000.000000
endFreq:	3400000000.000000
microwavePower:	0.600000
t_duration:	50000.000000
shotByShotNormalization:	False
randomize:	True
plotPulseSequence:	True
saveSpacing_inScanPts:	2
saveSpacing_inAverages:	1
dataFileName:	D:\Code\qdSpectro_PMT\Saved_Data\20220210ESR_uscope_10x_10mW_35deg_s35mm_0deg_115G_0degPol_pmt_2022-02-10_15h57m09s.txt
