N_scanPts:	101
Navg:	62
Nsamples:	10000
startFreq:	2860000000.000000
endFreq:	2875000000.000000
microwavePower:	0.600000
t_duration:	50000.000000
shotByShotNormalization:	False
randomize:	True
plotPulseSequence:	True
saveSpacing_inScanPts:	2
saveSpacing_inAverages:	1
dataFileName:	D:\Code\qdSpectro_PMT\Saved_Data\20211203\ESR_uscope_10x_800mW_45deg_QD02_clean_30deg_25G_0degPol_pmt_test_2021-12-04_12h16m27s.txt
