N_scanPts:	201
Navg:	62
Nsamples:	10000
startFreq:	2840000000.000000
endFreq:	2890000000.000000
microwavePower:	0.600000
t_duration:	50000.000000
shotByShotNormalization:	False
randomize:	True
plotPulseSequence:	True
saveSpacing_inScanPts:	2
saveSpacing_inAverages:	1
dataFileName:	D:\Code\qdSpectro_PMT\Saved_Data\20211203\ESR_uscope_10x_400mW_45deg_s35mm_clean_30deg_25G_0degPol_pmt_test_2021-12-06_10h51m05s.txt
