N_scanPts:	101
Navg:	851
Nsamples:	10000
startFreq:	2845000000.000000
endFreq:	2865000000.000000
microwavePower:	0.600000
t_duration:	50000.000000
shotByShotNormalization:	False
randomize:	True
plotPulseSequence:	True
saveSpacing_inScanPts:	2
saveSpacing_inAverages:	1
dataFileName:	D:\Code\qdSpectro_PMT\Saved_Data\20211203\ESR_uscope_10x_40mW_45deg_s35mm_clean_30deg_25G_0degPol_pmt_2021-12-05_10h09m05s.txt
