N_scanPts:	101
Navg:	668
Nsamples:	10000
startFreq:	2850000000.000000
endFreq:	2890000000.000000
microwavePower:	0.400000
t_duration:	50000.000000
shotByShotNormalization:	False
randomize:	True
plotPulseSequence:	True
saveSpacing_inScanPts:	2
saveSpacing_inAverages:	1
dataFileName:	D:\Code\qdSpectro_PMT\Saved_Data\20211203\ESR_uscope_10x_800mW_45deg_QD02_clean_30deg_25G_0degPol_pmt_test_2021-12-03_17h04m05s.txt
