N_scanPts:	101
Navg:	3
Nsamples:	1000
startFreq:	3130000000.000000
endFreq:	3150000000.000000
microwavePower:	0.400000
t_duration:	10000.000000
shotByShotNormalization:	False
randomize:	True
plotPulseSequence:	True
saveSpacing_inScanPts:	2
saveSpacing_inAverages:	1
dataFileName:	D:\Code\qdSpectro_SPD\Saved_Data\20220613\ESR_uscope_10x_10mW_35deg_cat14_top_47.7deg_115G_0degPol_pmt_2022-06-15_13h55m45s.txt
