N_scanPts:	101
Nsamples:	1000
startDelay:	1000.000000
endDelay:	100000.000000
t_AOM:	20000.000000
plotPulseSequence:	True
dataFileName:	D:\Code\qdSpectro_SPD\Saved_Data\20220614\ORD_uscope10x_10mW_cat14_06A_08MW_postMW_2022-06-14_12h19m39s.txt
microwavePower:	0
microwaveFrequency	3141000000
t_uW:	20000
